  -1.8941885e+06   9.0937839e+00  -1.3756342e-14
   9.0937839e+00  -1.2534337e+06   1.2615606e-15
  -1.3756342e-14   1.2615606e-15  -1.6542018e+02
  -1.8934286e+06   1.9775998e+03  -1.3752218e-14
  -2.9651349e+03  -1.2531815e+06   1.2364096e-15
  -5.8074973e-19   3.2993270e-18  -1.6545185e+02
  -1.8934456e+06  -9.9623867e+02  -0.0000000e+00
  -9.9623867e+02  -1.2534460e+06  -0.0000000e+00
  -0.0000000e+00  -0.0000000e+00  -1.6555117e+02
  -3.9991043e-04   2.8373118e-09  -5.3860692e-21
   2.8373118e-09  -1.9999132e-04   1.0468760e-20
  -5.3860692e-21   1.0468760e-20   1.9149833e-04
  -4.0023006e-04  -3.1157111e-07  -5.4036500e-21
  -3.1157111e-07  -2.0007183e-04   1.0464170e-20
  -5.4036500e-21   1.0464170e-20   1.9142502e-04
  -4.0006996e-04  -3.1138419e-07   0.0000000e+00
  -3.1138419e-07  -2.0003181e-04   0.0000000e+00
   0.0000000e+00   0.0000000e+00   1.9146167e-04
  -1.8926720e+06  -9.9583165e+02  -0.0000000e+00
  -9.9583165e+02  -1.2529339e+06  -0.0000000e+00
  -0.0000000e+00  -0.0000000e+00  -1.6548353e+02
   9.9920018e-01  -6.2239478e-07  -1.0802805e-20
  -6.2239478e-07   9.9960002e-01   2.0927989e-20
  -1.0802805e-20   2.0927989e-20   1.0003830e+00
  -6.2000712e-01  -7.3147285e-04   0.0000000e+00
  -7.3147285e-04  -1.5009735e-01   0.0000000e+00
   0.0000000e+00   0.0000000e+00   7.7010447e-01
  -6.2000712e-01  -7.3147285e-04   0.0000000e+00
  -7.3147285e-04  -1.5009735e-01   0.0000000e+00
   0.0000000e+00   0.0000000e+00   7.7010447e-01
  -1.6555117e+02   0.0000000e+00   0.0000000e+00
   0.0000000e+00  -1.2534445e+06   0.0000000e+00
   0.0000000e+00   0.0000000e+00  -1.8934471e+06
  -1.2534460e+06   9.9623867e+02   0.0000000e+00
   9.9623867e+02  -1.8934456e+06   0.0000000e+00
   0.0000000e+00   0.0000000e+00  -1.6555117e+02
   1.9146167e-04   0.0000000e+00   0.0000000e+00
   0.0000000e+00  -2.0003132e-04   0.0000000e+00
   0.0000000e+00   0.0000000e+00  -4.0007044e-04
